tai01;tai02;tai03;tai04;tai05;tai06;tai07;tai08;tai09;tai10;tai11;tai12;tai13;tai14;tai15;tai16;tai17;tai18;tai19;tai20;tai21;tai22;tai23;tai24;tai25;tai26;tai27;tai28;tai29;tai30;tai31;tai32;tai33;tai34;tai35;tai36;tai37;tai38;tai39;tai40;tai41;tai42;tai43;tai44;tai45;tai46;tai47;tai48;tai49;tai50;tai51;tai52;tai53;tai54;tai55;tai56;tai57;tai58;tai59;tai60
1278;1359;1081;1293;1235;1195;1239;1206;1230;1108;1582;1670;1500;1379;1420;1398;1486;1544;1595;1600;2305;2106;2342;2224;2307;2232;2282;2212;2242;2188;2724;2843;2624;2770;2864;2835;2730;2704;2568;2782;3063;3002;2986;3140;3157;3142;3236;3123;3002;3212;4041;3921;3927;3969;3835;3914;3952;3938;3952;4079
1278;1359;1081;1293;1235;1195;1239;1206;1230;1108;1583;1671;1500;1378;1424;1402;1486;1544;1601;1597;2299;2105;2345;2234;2304;2231;2280;2214;2240;2183;2724;2843;2625;2776;2863;2832;2732;2704;2561;2782;3103;3022;2986;3157;3160;3150;3191;3123;3002;3223;4072;3921;3927;3969;3835;3914;3952;3938;3952;4079
1278;1359;1081;1293;1235;1195;1239;1206;1230;1108;1582;1659;1507;1378;1422;1398;1487;1545;1595;1603;2300;2108;2326;2229;2294;2234;2292;2214;2245;2190;2724;2843;2624;2764;2864;2832;2736;2703;2565;2782;3064;3008;2986;3164;3157;3140;3212;3123;3002;3204;4041;3921;3927;3969;3835;3914;3952;3938;3952;4037
1278;1359;1081;1293;1235;1195;1239;1206;1230;1108;1582;1669;1508;1379;1422;1400;1486;1547;1593;1597;2303;2099;2328;2234;2302;2229;2273;2213;2242;2188;2724;2843;2637;2753;2863;2832;2732;2704;2555;2782;3111;3032;2986;3143;3150;3144;3209;3123;3002;3208;4068;3921;3927;3969;3835;3914;3952;3938;3952;4051
1278;1359;1081;1293;1235;1195;1239;1206;1230;1108;1583;1670;1501;1379;1427;1397;1484;1544;1594;1594;2297;;;;;;;;;;2724;;;;;;;;;;3105;;;;;;;;;;4073;;;;;;;;;
1278;1359;1081;1293;1235;1195;1239;1206;1230;1108;1583;1672;1500;1383;1419;1398;1486;1546;1600;1602;2299;;;;;;;;;;2724;;;;;;;;;;3091;;;;;;;;;;4052;;;;;;;;;
1278;1359;1081;1293;1235;1195;1239;1206;1230;1108;1583;1674;1501;1379;1419;1397;1486;1550;1595;1594;2300;;;;;;;;;;2724;;;;;;;;;;3080;;;;;;;;;;4069;;;;;;;;;
1278;1359;1081;1293;1239;1195;1239;1206;1230;1108;1583;1672;1499;1379;1425;1397;1486;1547;1600;1602;2306;;;;;;;;;;2729;;;;;;;;;;3094;;;;;;;;;;4037;;;;;;;;;
1278;1359;1081;1293;1239;1195;1239;1206;1230;1108;1586;1672;1508;1378;1425;1401;1486;1545;1599;1591;2314;;;;;;;;;;2729;;;;;;;;;;3126;;;;;;;;;;4082;;;;;;;;;
1278;1359;1081;1293;1235;1195;1239;1206;1230;1108;1586;1668;1503;1378;1420;1397;1486;1544;1594;1594;2316;;;;;;;;;;2729;;;;;;;;;;3135;;;;;;;;;;4082;;;;;;;;;
1278;1359;1081;1293;1235;1195;1239;1206;1230;1108;1585;1672;1507;1380;1422;1401;1484;1548;1596;1591;2314;;;;;;;;;;2724;;;;;;;;;;3135;;;;;;;;;;4082;;;;;;;;;
1278;1359;1081;1293;1235;1195;1239;1206;1230;1108;1586;1664;1507;1379;1425;1401;1486;1546;1597;1594;2306;;;;;;;;;;2724;;;;;;;;;;3135;;;;;;;;;;4082;;;;;;;;;
1278;1359;1081;1293;1236;1195;1239;1206;1230;1108;1583;1664;1502;1379;1425;1397;1484;1547;1594;1600;2314;;;;;;;;;;2732;;;;;;;;;;3135;;;;;;;;;;4082;;;;;;;;;
1278;1359;1081;1293;1235;1195;1239;1206;1230;1108;1582;1669;1496;1379;1425;1397;1486;1544;1599;1603;2300;;;;;;;;;;2724;;;;;;;;;;3135;;;;;;;;;;4082;;;;;;;;;
1278;1359;1081;1293;1239;;;;;;1586;;;;;;;;;;2307;;;;;;;;;;2724;;;;;;;;;;3135;;;;;;;;;;4082;;;;;;;;;
1278;1359;1081;1293;1243;;;;;;1586;;;;;;;;;;2310;;;;;;;;;;2724;;;;;;;;;;3135;;;;;;;;;;4082;;;;;;;;;
1278;1359;1081;1293;1235;;;;;;1585;;;;;;;;;;2313;;;;;;;;;;2724;;;;;;;;;;3135;;;;;;;;;;4082;;;;;;;;;
1278;1359;1081;1293;1235;;;;;;1583;;;;;;;;;;2305;;;;;;;;;;2729;;;;;;;;;;3135;;;;;;;;;;4082;;;;;;;;;
1278;;;;;;;;;;1586;;;;;;;;;;2312;;;;;;;;;;2724;;;;;;;;;;3135;;;;;;;;;;4082;;;;;;;;;
1278;;;;;;;;;;1583;;;;;;;;;;2309;;;;;;;;;;2724;;;;;;;;;;3135;;;;;;;;;;4082;;;;;;;;;
1278;;;;;;;;;;1583;;;;;;;;;;2305;;;;;;;;;;2724;;;;;;;;;;3135;;;;;;;;;;4082;;;;;;;;;
1278;;;;;;;;;;1586;;;;;;;;;;2303;;;;;;;;;;2724;;;;;;;;;;3135;;;;;;;;;;4082;;;;;;;;;
1278;;;;;;;;;;1582;;;;;;;;;;2304;;;;;;;;;;2724;;;;;;;;;;3135;;;;;;;;;;4082;;;;;;;;;
1278;;;;;;;;;;1583;;;;;;;;;;2309;;;;;;;;;;2724;;;;;;;;;;3135;;;;;;;;;;4082;;;;;;;;;
1278;;;;;;;;;;1586;;;;;;;;;;2303;;;;;;;;;;2724;;;;;;;;;;3135;;;;;;;;;;4082;;;;;;;;;
1278;;;;;;;;;;1586;;;;;;;;;;2309;;;;;;;;;;2724;;;;;;;;;;3135;;;;;;;;;;4082;;;;;;;;;
1278;;;;;;;;;;1586;;;;;;;;;;2303;;;;;;;;;;2724;;;;;;;;;;3129;;;;;;;;;;4082;;;;;;;;;
1278;;;;;;;;;;1583;;;;;;;;;;2312;;;;;;;;;;2729;;;;;;;;;;3135;;;;;;;;;;4082;;;;;;;;;
1278;;;;;;;;;;1582;;;;;;;;;;2310;;;;;;;;;;2724;;;;;;;;;;3135;;;;;;;;;;4082;;;;;;;;;
1278;;;;;;;;;;1586;;;;;;;;;;2314;;;;;;;;;;2729;;;;;;;;;;3135;;;;;;;;;;4082;;;;;;;;;
1278;;;;;;;;;;1586;;;;;;;;;;2307;;;;;;;;;;2724;;;;;;;;;;3135;;;;;;;;;;4082;;;;;;;;;
1278;;;;;;;;;;1582;;;;;;;;;;2309;;;;;;;;;;2729;;;;;;;;;;3135;;;;;;;;;;4082;;;;;;;;;
1278;;;;;;;;;;1582;;;;;;;;;;2313;;;;;;;;;;2724;;;;;;;;;;3135;;;;;;;;;;4082;;;;;;;;;
1278;;;;;;;;;;1590;;;;;;;;;;2315;;;;;;;;;;2729;;;;;;;;;;3135;;;;;;;;;;4082;;;;;;;;;
1278;;;;;;;;;;1586;;;;;;;;;;2308;;;;;;;;;;2724;;;;;;;;;;3135;;;;;;;;;;4082;;;;;;;;;
1278;;;;;;;;;;1586;;;;;;;;;;2308;;;;;;;;;;2731;;;;;;;;;;3135;;;;;;;;;;4082;;;;;;;;;
1278;;;;;;;;;;1583;;;;;;;;;;2314;;;;;;;;;;2724;;;;;;;;;;3135;;;;;;;;;;4082;;;;;;;;;
1278;;;;;;;;;;1586;;;;;;;;;;2308;;;;;;;;;;2724;;;;;;;;;;3135;;;;;;;;;;4082;;;;;;;;;
1278;;;;;;;;;;1586;;;;;;;;;;2312;;;;;;;;;;2724;;;;;;;;;;3135;;;;;;;;;;4082;;;;;;;;;
1278;;;;;;;;;;1583;;;;;;;;;;2310;;;;;;;;;;2729;;;;;;;;;;3135;;;;;;;;;;4082;;;;;;;;;
1278;;;;;;;;;;1585;;;;;;;;;;2297;;;;;;;;;;2724;;;;;;;;;;3135;;;;;;;;;;4082;;;;;;;;;
1278;;;;;;;;;;1586;;;;;;;;;;2310;;;;;;;;;;2724;;;;;;;;;;3135;;;;;;;;;;4082;;;;;;;;;
1278;;;;;;;;;;1582;;;;;;;;;;2312;;;;;;;;;;2724;;;;;;;;;;3135;;;;;;;;;;4082;;;;;;;;;
1278;;;;;;;;;;1583;;;;;;;;;;2305;;;;;;;;;;2724;;;;;;;;;;3135;;;;;;;;;;4082;;;;;;;;;
1278;;;;;;;;;;1586;;;;;;;;;;2307;;;;;;;;;;2729;;;;;;;;;;3135;;;;;;;;;;4082;;;;;;;;;
1278;;;;;;;;;;1585;;;;;;;;;;2306;;;;;;;;;;2729;;;;;;;;;;3135;;;;;;;;;;4082;;;;;;;;;
1278;;;;;;;;;;1585;;;;;;;;;;2311;;;;;;;;;;2729;;;;;;;;;;3135;;;;;;;;;;4082;;;;;;;;;
1278;;;;;;;;;;1582;;;;;;;;;;2307;;;;;;;;;;2729;;;;;;;;;;3135;;;;;;;;;;4082;;;;;;;;;
1278;;;;;;;;;;1586;;;;;;;;;;2305;;;;;;;;;;2729;;;;;;;;;;3135;;;;;;;;;;4082;;;;;;;;;
1278;;;;;;;;;;1586;;;;;;;;;;2303;;;;;;;;;;2729;;;;;;;;;;3135;;;;;;;;;;4082;;;;;;;;;
1278;;;;;;;;;;1586;;;;;;;;;;2310;;;;;;;;;;2729;;;;;;;;;;3135;;;;;;;;;;4082;;;;;;;;;
1278;;;;;;;;;;1582;;;;;;;;;;2305;;;;;;;;;;2724;;;;;;;;;;3135;;;;;;;;;;4082;;;;;;;;;
1279;;;;;;;;;;1591;;;;;;;;;;2312;;;;;;;;;;2724;;;;;;;;;;3135;;;;;;;;;;4082;;;;;;;;;
1278;;;;;;;;;;1586;;;;;;;;;;2310;;;;;;;;;;2724;;;;;;;;;;3135;;;;;;;;;;4082;;;;;;;;;
1279;;;;;;;;;;1585;;;;;;;;;;2306;;;;;;;;;;2729;;;;;;;;;;3135;;;;;;;;;;4082;;;;;;;;;
1278;;;;;;;;;;1588;;;;;;;;;;2307;;;;;;;;;;2724;;;;;;;;;;3135;;;;;;;;;;4082;;;;;;;;;
1278;;;;;;;;;;1583;;;;;;;;;;2312;;;;;;;;;;2724;;;;;;;;;;3135;;;;;;;;;;4082;;;;;;;;;
1278;;;;;;;;;;1586;;;;;;;;;;2315;;;;;;;;;;2729;;;;;;;;;;3135;;;;;;;;;;4082;;;;;;;;;
1278;;;;;;;;;;1586;;;;;;;;;;2313;;;;;;;;;;2724;;;;;;;;;;3135;;;;;;;;;;4082;;;;;;;;;
1278;;;;;;;;;;1586;;;;;;;;;;2305;;;;;;;;;;2729;;;;;;;;;;3135;;;;;;;;;;4082;;;;;;;;;
1278;;;;;;;;;;1583;;;;;;;;;;2305;;;;;;;;;;2729;;;;;;;;;;3135;;;;;;;;;;4082;;;;;;;;;
1278;;;;;;;;;;1586;;;;;;;;;;2308;;;;;;;;;;2729;;;;;;;;;;3135;;;;;;;;;;4082;;;;;;;;;
1278;;;;;;;;;;1582;;;;;;;;;;2301;;;;;;;;;;2724;;;;;;;;;;3135;;;;;;;;;;4082;;;;;;;;;
1278;;;;;;;;;;1586;;;;;;;;;;2308;;;;;;;;;;2724;;;;;;;;;;3135;;;;;;;;;;4082;;;;;;;;;
1278;;;;;;;;;;1583;;;;;;;;;;2307;;;;;;;;;;2724;;;;;;;;;;3135;;;;;;;;;;4082;;;;;;;;;
1278;;;;;;;;;;1583;;;;;;;;;;2303;;;;;;;;;;2724;;;;;;;;;;3135;;;;;;;;;;4082;;;;;;;;;
1278;;;;;;;;;;1583;;;;;;;;;;2303;;;;;;;;;;2724;;;;;;;;;;3135;;;;;;;;;;4082;;;;;;;;;
1278;;;;;;;;;;1586;;;;;;;;;;2310;;;;;;;;;;2729;;;;;;;;;;3135;;;;;;;;;;4082;;;;;;;;;
1278;;;;;;;;;;1583;;;;;;;;;;2302;;;;;;;;;;2729;;;;;;;;;;3135;;;;;;;;;;4082;;;;;;;;;
1278;;;;;;;;;;1586;;;;;;;;;;2306;;;;;;;;;;2729;;;;;;;;;;3135;;;;;;;;;;4082;;;;;;;;;
1278;;;;;;;;;;1583;;;;;;;;;;2310;;;;;;;;;;2733;;;;;;;;;;3135;;;;;;;;;;4082;;;;;;;;;
1278;;;;;;;;;;1586;;;;;;;;;;2308;;;;;;;;;;2729;;;;;;;;;;3135;;;;;;;;;;4082;;;;;;;;;
1278;;;;;;;;;;1583;;;;;;;;;;2311;;;;;;;;;;2733;;;;;;;;;;3135;;;;;;;;;;4082;;;;;;;;;
1278;;;;;;;;;;1586;;;;;;;;;;2314;;;;;;;;;;2725;;;;;;;;;;3135;;;;;;;;;;4082;;;;;;;;;
1278;;;;;;;;;;1586;;;;;;;;;;2300;;;;;;;;;;2724;;;;;;;;;;3135;;;;;;;;;;4082;;;;;;;;;
1278;;;;;;;;;;1583;;;;;;;;;;2317;;;;;;;;;;2724;;;;;;;;;;3135;;;;;;;;;;4082;;;;;;;;;
1278;;;;;;;;;;1586;;;;;;;;;;2299;;;;;;;;;;2729;;;;;;;;;;3135;;;;;;;;;;4082;;;;;;;;;
1278;;;;;;;;;;1583;;;;;;;;;;2312;;;;;;;;;;2729;;;;;;;;;;3135;;;;;;;;;;4082;;;;;;;;;
1278;;;;;;;;;;1582;;;;;;;;;;2305;;;;;;;;;;2724;;;;;;;;;;3135;;;;;;;;;;4082;;;;;;;;;
1278;;;;;;;;;;1586;;;;;;;;;;2297;;;;;;;;;;2724;;;;;;;;;;3135;;;;;;;;;;4082;;;;;;;;;
1278;;;;;;;;;;1592;;;;;;;;;;2314;;;;;;;;;;2724;;;;;;;;;;3135;;;;;;;;;;4082;;;;;;;;;
1278;;;;;;;;;;1583;;;;;;;;;;2305;;;;;;;;;;2729;;;;;;;;;;3135;;;;;;;;;;4082;;;;;;;;;
1278;;;;;;;;;;1586;;;;;;;;;;2304;;;;;;;;;;2729;;;;;;;;;;3135;;;;;;;;;;4082;;;;;;;;;
1278;;;;;;;;;;1583;;;;;;;;;;2305;;;;;;;;;;2724;;;;;;;;;;3135;;;;;;;;;;4082;;;;;;;;;
1278;;;;;;;;;;1583;;;;;;;;;;2312;;;;;;;;;;2724;;;;;;;;;;3135;;;;;;;;;;4082;;;;;;;;;
1278;;;;;;;;;;1585;;;;;;;;;;2309;;;;;;;;;;2724;;;;;;;;;;3135;;;;;;;;;;4082;;;;;;;;;
1278;;;;;;;;;;1586;;;;;;;;;;2306;;;;;;;;;;2724;;;;;;;;;;3135;;;;;;;;;;4082;;;;;;;;;
1278;;;;;;;;;;1586;;;;;;;;;;2314;;;;;;;;;;2724;;;;;;;;;;3135;;;;;;;;;;4082;;;;;;;;;
1278;;;;;;;;;;1583;;;;;;;;;;2309;;;;;;;;;;2729;;;;;;;;;;3091;;;;;;;;;;4081;;;;;;;;;
1278;;;;;;;;;;1582;;;;;;;;;;2299;;;;;;;;;;2724;;;;;;;;;;3123;;;;;;;;;;4082;;;;;;;;;
1278;;;;;;;;;;1583;;;;;;;;;;2306;;;;;;;;;;2724;;;;;;;;;;3102;;;;;;;;;;4082;;;;;;;;;
1278;;;;;;;;;;1583;;;;;;;;;;2300;;;;;;;;;;2724;;;;;;;;;;3106;;;;;;;;;;4082;;;;;;;;;
1278;;;;;;;;;;1582;;;;;;;;;;2306;;;;;;;;;;2724;;;;;;;;;;3112;;;;;;;;;;4082;;;;;;;;;
1278;;;;;;;;;;1583;;;;;;;;;;2305;;;;;;;;;;2724;;;;;;;;;;3098;;;;;;;;;;4082;;;;;;;;;
1278;;;;;;;;;;1586;;;;;;;;;;2305;;;;;;;;;;2724;;;;;;;;;;3108;;;;;;;;;;4082;;;;;;;;;
1278;;;;;;;;;;1586;;;;;;;;;;2302;;;;;;;;;;2724;;;;;;;;;;3108;;;;;;;;;;4082;;;;;;;;;
1278;;;;;;;;;;1582;;;;;;;;;;2300;;;;;;;;;;2724;;;;;;;;;;3122;;;;;;;;;;4082;;;;;;;;;
1278;;;;;;;;;;1583;;;;;;;;;;2307;;;;;;;;;;2729;;;;;;;;;;3088;;;;;;;;;;4080;;;;;;;;;
1278;;;;;;;;;;1583;;;;;;;;;;2305;;;;;;;;;;2724;;;;;;;;;;3108;;;;;;;;;;4082;;;;;;;;;
1278;;;;;;;;;;1582;;;;;;;;;;2308;;;;;;;;;;2724;;;;;;;;;;3095;;;;;;;;;;4077;;;;;;;;;
1278;;;;;;;;;;1583;;;;;;;;;;2314;;;;;;;;;;2724;;;;;;;;;;3111;;;;;;;;;;4082;;;;;;;;;
1278;;;;;;;;;;1582;;;;;;;;;;2303;;;;;;;;;;2724;;;;;;;;;;3100;;;;;;;;;;4082;;;;;;;;;
1278;;;;;;;;;;1583;;;;;;;;;;2310;;;;;;;;;;2724;;;;;;;;;;3087;;;;;;;;;;4082;;;;;;;;;
1278;;;;;;;;;;1583;;;;;;;;;;2306;;;;;;;;;;2724;;;;;;;;;;3090;;;;;;;;;;4082;;;;;;;;;
1278;;;;;;;;;;1583;;;;;;;;;;2303;;;;;;;;;;2724;;;;;;;;;;3091;;;;;;;;;;4082;;;;;;;;;
1278;;;;;;;;;;1583;;;;;;;;;;2308;;;;;;;;;;2724;;;;;;;;;;3086;;;;;;;;;;4049;;;;;;;;;
1278;;;;;;;;;;1586;;;;;;;;;;2310;;;;;;;;;;2729;;;;;;;;;;3108;;;;;;;;;;4056;;;;;;;;;
1278;;;;;;;;;;1583;;;;;;;;;;2302;;;;;;;;;;2724;;;;;;;;;;3108;;;;;;;;;;4082;;;;;;;;;
1278;;;;;;;;;;1583;;;;;;;;;;2306;;;;;;;;;;2724;;;;;;;;;;3094;;;;;;;;;;4082;;;;;;;;;
1278;;;;;;;;;;1583;;;;;;;;;;2305;;;;;;;;;;2729;;;;;;;;;;3073;;;;;;;;;;4075;;;;;;;;;
1278;;;;;;;;;;1583;;;;;;;;;;2309;;;;;;;;;;2724;;;;;;;;;;3091;;;;;;;;;;4044;;;;;;;;;
1278;;;;;;;;;;1583;;;;;;;;;;2304;;;;;;;;;;2724;;;;;;;;;;3084;;;;;;;;;;4068;;;;;;;;;
1278;;;;;;;;;;1586;;;;;;;;;;2300;;;;;;;;;;2724;;;;;;;;;;3103;;;;;;;;;;4082;;;;;;;;;
1278;;;;;;;;;;1583;;;;;;;;;;2311;;;;;;;;;;2724;;;;;;;;;;3103;;;;;;;;;;4082;;;;;;;;;
1278;;;;;;;;;;1586;;;;;;;;;;2305;;;;;;;;;;2724;;;;;;;;;;3063;;;;;;;;;;4082;;;;;;;;;
1278;;;;;;;;;;1582;;;;;;;;;;2310;;;;;;;;;;2724;;;;;;;;;;3130;;;;;;;;;;4082;;;;;;;;;
1278;;;;;;;;;;1582;;;;;;;;;;2308;;;;;;;;;;2724;;;;;;;;;;3135;;;;;;;;;;4082;;;;;;;;;
1278;;;;;;;;;;1582;;;;;;;;;;2307;;;;;;;;;;2724;;;;;;;;;;3135;;;;;;;;;;4082;;;;;;;;;
1278;;;;;;;;;;1582;;;;;;;;;;2305;;;;;;;;;;2724;;;;;;;;;;3135;;;;;;;;;;4082;;;;;;;;;
1278;;;;;;;;;;1586;;;;;;;;;;2310;;;;;;;;;;2724;;;;;;;;;;3128;;;;;;;;;;4082;;;;;;;;;
1278;;;;;;;;;;1586;;;;;;;;;;2303;;;;;;;;;;2729;;;;;;;;;;3108;;;;;;;;;;4082;;;;;;;;;
1278;;;;;;;;;;1586;;;;;;;;;;2308;;;;;;;;;;2724;;;;;;;;;;3123;;;;;;;;;;4070;;;;;;;;;
1278;;;;;;;;;;1586;;;;;;;;;;2311;;;;;;;;;;2724;;;;;;;;;;3076;;;;;;;;;;4082;;;;;;;;;
1278;;;;;;;;;;1582;;;;;;;;;;2299;;;;;;;;;;2724;;;;;;;;;;3123;;;;;;;;;;4071;;;;;;;;;
