instances/tai01.txt
Genetic
Cmax = 1286  <---  (3 17 9 8 15 14 11 16 13 19 6 4 5 18 1 2 10 7 20 12)
Genetic
Cmax = 1286  <---  (3 17 9 8 15 14 11 16 13 19 6 4 5 18 1 2 10 7 20 12)
Genetic
Cmax = 1286  <---  (3 17 9 8 15 14 11 16 13 19 6 4 5 18 1 2 10 7 20 12)
Genetic
Cmax = 1286  <---  (3 17 9 8 15 14 11 16 13 19 6 4 5 18 1 2 10 7 20 12)
-----------
instances/tai11.txt
Genetic
Cmax = 1680  <---  (18 5 2 17 3 6 12 9 15 10 20 13 8 14 19 11 4 7 1 16)
Genetic
Cmax = 1630  <---  (18 5 2 17 15 9 12 3 10 6 13 8 20 14 19 11 4 7 1 16)
Genetic
Cmax = 1660  <---  (18 5 2 17 15 3 6 12 9 10 20 13 8 14 19 11 4 7 1 16)
Genetic
Cmax = 1668  <---  (18 5 2 17 3 6 9 15 12 8 20 10 13 19 11 14 4 7 1 16)
-----------
